name: bracken
channels:
  - conda-forge
  - bioconda
  - defaults
dependencies:
  - blast=2.14.0=h23b05c9_0
  - bracken=2.6.1=py38hb8ab313_0
  - bzip2=1.0.8=h0d85af4_4
  - c-ares=1.18.1=h0d85af4_0
  - ca-certificates=2023.5.7=h8857fd0_0
  - curl=7.88.1=h6df9250_1
  - entrez-direct=16.2=h193322a_1
  - gettext=0.19.8.1=h1f1d5ed_1
  - kraken2=2.1.2=pl5321h09c63de_3
  - krb5=1.20.1=h049b76e_0
  - libcurl=7.88.1=h6df9250_1
  - libcxx=16.0.3=hd57cbcb_0
  - libedit=3.1.20191231=h0678c8f_2
  - libev=4.33=haf1e3a3_1
  - libffi=3.4.2=h0d85af4_5
  - libiconv=1.15=h0b31af3_1006
  - libidn2=2.3.3=hac89ed1_0
  - libnghttp2=1.52.0=he2ab024_0
  - libsqlite=3.41.2=h58db7d2_1
  - libssh2=1.10.0=h47af595_3
  - libunistring=0.9.10=h0d85af4_0
  - libzlib=1.2.13=hfd90126_4
  - llvm-openmp=16.0.3=hff08bdf_0
  - ncurses=6.3=h96cf925_1
  - openssl=3.1.0=h8a1eda9_3
  - pcre=8.45=he49afe7_0
  - perl=5.32.1=2_h0d85af4_perl5
  - perl-archive-tar=2.40=pl5321hdfd78af_0
  - perl-carp=1.50=pl5321hd8ed1ab_0
  - perl-common-sense=3.75=pl5321hd8ed1ab_0
  - perl-compress-raw-bzip2=2.201=pl5321h775f41a_0
  - perl-compress-raw-zlib=2.202=pl5321h775f41a_0
  - perl-encode=3.19=pl5321hb7f2c08_0
  - perl-exporter=5.74=pl5321hd8ed1ab_0
  - perl-exporter-tiny=1.002002=pl5321hd8ed1ab_0
  - perl-extutils-makemaker=7.70=pl5321hd8ed1ab_0
  - perl-io-compress=2.201=pl5321hb19a6fa_1
  - perl-io-zlib=1.14=pl5321hdfd78af_0
  - perl-json=4.10=pl5321hdfd78af_0
  - perl-json-xs=2.34=pl5321hcd10b59_5
  - perl-list-moreutils=0.430=pl5321hdfd78af_0
  - perl-list-moreutils-xs=0.430=pl5321ha5712d3_1
  - perl-parent=0.241=pl5321hd8ed1ab_0
  - perl-pathtools=3.75=pl5321h775f41a_0
  - perl-scalar-list-utils=1.63=pl5321h775f41a_0
  - perl-storable=3.15=pl5321h775f41a_0
  - perl-types-serialiser=1.01=pl5321hdfd78af_0
  - pip=23.1.2=pyhd8ed1ab_0
  - popt=1.16=h22d5cdf_2002
  - python=3.8.16=hf9b03c3_1_cpython
  - python_abi=3.8=3_cp38
  - readline=8.2=h9e318b2_1
  - rsync=3.1.3=haaf19a9_1002
  - setuptools=67.7.2=pyhd8ed1ab_0
  - sqlite=3.41.2=h2b0dec6_1
  - tar=1.29=h470a237_1
  - tk=8.6.12=h5dbffcc_0
  - wget=1.20.3=hd3787cc_1
  - wheel=0.40.0=pyhd8ed1ab_0
  - xz=5.2.6=h775f41a_0
  - zlib=1.2.13=hfd90126_4
  - zstd=1.5.2=hbc0c0cd_6
prefix: /Users/johncheney/miniconda3/envs/bracken
