name: kraken2
channels:
  - conda-forge
  - bioconda
  - defaults
dependencies:
  - blast=2.14.0=h23b05c9_0
  - bzip2=1.0.8=h0d85af4_4
  - c-ares=1.18.1=h0d85af4_0
  - ca-certificates=2023.5.7=h8857fd0_0
  - curl=7.88.1=h6df9250_1
  - entrez-direct=16.2=h193322a_1
  - gettext=0.21.1=h8a4c099_0
  - kraken2=2.1.2=pl5321h09c63de_3
  - krb5=1.20.1=h049b76e_0
  - libcurl=7.88.1=h6df9250_1
  - libcxx=16.0.3=hd57cbcb_0
  - libedit=3.1.20191231=h0678c8f_2
  - libev=4.33=haf1e3a3_1
  - libiconv=1.17=hac89ed1_0
  - libidn2=2.3.4=hb7f2c08_0
  - libnghttp2=1.52.0=he2ab024_0
  - libssh2=1.10.0=h47af595_3
  - libunistring=0.9.10=h0d85af4_0
  - libzlib=1.2.13=hfd90126_4
  - llvm-openmp=16.0.3=hff08bdf_0
  - lz4-c=1.9.4=hf0c8a7f_0
  - ncurses=6.3=h96cf925_1
  - openssl=3.1.0=h8a1eda9_3
  - pcre=8.45=he49afe7_0
  - perl=5.32.1=2_h0d85af4_perl5
  - perl-archive-tar=2.40=pl5321hdfd78af_0
  - perl-carp=1.50=pl5321hd8ed1ab_0
  - perl-common-sense=3.75=pl5321hd8ed1ab_0
  - perl-compress-raw-bzip2=2.201=pl5321h775f41a_0
  - perl-compress-raw-zlib=2.202=pl5321h775f41a_0
  - perl-encode=3.19=pl5321hb7f2c08_0
  - perl-exporter=5.74=pl5321hd8ed1ab_0
  - perl-exporter-tiny=1.002002=pl5321hd8ed1ab_0
  - perl-extutils-makemaker=7.70=pl5321hd8ed1ab_0
  - perl-io-compress=2.201=pl5321h9722bc1_0
  - perl-io-zlib=1.14=pl5321hdfd78af_0
  - perl-json=4.10=pl5321hdfd78af_0
  - perl-json-xs=2.34=pl5321hcd10b59_5
  - perl-list-moreutils=0.430=pl5321hdfd78af_0
  - perl-list-moreutils-xs=0.430=pl5321ha5712d3_1
  - perl-parent=0.241=pl5321hd8ed1ab_0
  - perl-pathtools=3.75=pl5321h775f41a_0
  - perl-scalar-list-utils=1.63=pl5321h775f41a_0
  - perl-storable=3.15=pl5321h775f41a_0
  - perl-types-serialiser=1.01=pl5321hdfd78af_0
  - popt=1.16=h7b079dc_2002
  - rsync=3.2.7=h30d983d_0
  - tar=1.34=hcb2f6ea_1
  - wget=1.20.3=hd3787cc_1
  - xxhash=0.8.0=h35c211d_3
  - zlib=1.2.13=hfd90126_4
  - zstd=1.5.2=hbc0c0cd_6
prefix: /Users/johncheney/miniconda3/envs/kraken2
